(74.14691750298662, 15.111173804532859)  -32767.0
(74.14809282191158, 15.111255355590954)  70.6480941772461
(74.1474692253276, 15.1112077239995)  62.3278694152832
(74.14771223852743, 15.111126172941404)  69.9485855102539
(74.14749208504385, 15.111271713915292)  62.91376876831055
(74.14797213908523, 15.111133630412793)  63.481048583984375
(74.14762862551122, 15.11128951562119)  61.202152252197266
(74.14728593571078, 15.111355911172913)  -32767.0
(74.14716031024307, 15.111112701380184)  75.25656127929688
(74.14734421769006, 15.111328727486882)  -32767.0
(74.1472657532586, 15.111159130153673)  71.73880004882812
(74.14787266842801, 15.11127460067841)  58.11682891845703
(74.14697825628659, 15.111151191555097)  -32767.0
(74.14808973276074, 15.111412684180909)  72.00950622558594
(74.1479087085212, 15.111254152772988)  58.36564636230469
(74.14818302511627, 15.111106687290356)  71.20478057861328
(74.14817087445627, 15.111379967532233)  77.5938949584961
(74.14824563190673, 15.111173563969265)  66.42827606201172
(74.1470717545855, 15.111059296262495)  74.70014953613281
(74.14744162891338, 15.111096343055847)  60.90077209472656
(74.14708534684922, 15.110942863483384)  61.32515335083008
(74.14765354466138, 15.111023452287107)  59.00855255126953
(74.1476648715478, 15.110680649166792)  73.44161224365234
(74.14784980871175, 15.110910868525487)  57.68013381958008
(74.14777649286502, 15.111088885584458)  60.82374954223633
(74.14798573134894, 15.110910868525487)  65.27574920654297
(74.14747684523302, 15.11107781965917)  60.65099334716797
(74.14766631315153, 15.110783129257497)  62.72322082519531
(74.14782674305211, 15.11062411672239)  70.67391967773438
(74.14808664360989, 15.110894510201149)  58.2296257019043
(74.14724124599522, 15.110799487581835)  60.38039016723633
(74.14769226201864, 15.110837977756747)  66.48562622070312
(74.14796904993437, 15.111088885584458)  65.06800079345703
(74.14727790391858, 15.110797803636682)  60.168540954589844
(74.14755098485331, 15.110983518730635)  60.13907241821289
(74.14792827314322, 15.11068497931147)  58.13885498046875
(74.14746757778049, 15.110676078458521)  60.13584518432617
(74.14715413194138, 15.111090328966018)  74.63098907470703
(74.14761750456817, 15.110583220911545)  68.62605285644531
(74.14792168295475, 15.110980631967516)  57.305633544921875
(74.14777937607248, 15.110921212759996)  58.67644500732422
(74.14698505241844, 15.111105725035982)  -32767.0
(74.148016416914, 15.110734054284483)  62.73965835571289
(74.14735286731242, 15.110851449317966)  61.46769332885742
(74.1476632240007, 15.111101154327711)  62.435760498046875
(74.14793836436931, 15.110808388434783)  57.23686599731445
(74.14797975899064, 15.111001320436532)  68.93186950683594
(74.14736460608565, 15.110931556994503)  60.49405288696289
(74.14771985843285, 15.110661163515742)  69.78817749023438
(74.14815851785289, 15.111097786437407)  69.99552917480469
(74.14891227065915, 15.110537994956022)  57.37154006958008
(74.14890918150832, 15.110821619432409)  59.48709487915039
(74.14883277651073, 15.110621229959271)  58.246917724609375
(74.14898414490216, 15.11099963649138)  51.37518310546875
(74.14900556301468, 15.110690512274113)  58.18539047241211
(74.14891309443271, 15.110904854435658)  58.07516860961914
(74.14822586134132, 15.111044381319715)  72.84332275390625
(74.14900700461841, 15.110518749868566)  57.5890007019043
(74.14888158509409, 15.11068353592991)  61.25510787963867
(74.14894439782795, 15.110849765372814)  59.4583854675293
(74.14896437433674, 15.110788181092953)  58.97067642211914
(74.14812947983495, 15.11086371806122)  58.884403228759766
(74.14826581435892, 15.11073838442916)  56.51363754272461
(74.1487676983996, 15.11067896522164)  61.75480651855469
(74.14839246954358, 15.110842067337831)  70.08495330810547
(74.1490850571631, 15.110756907825838)  72.9981689453125
(74.14898249735504, 15.110820176050849)  52.549171447753906
(74.14971565582233, 15.110742714573838)  -32767.0
(74.15006493581124, 15.110339048864443)  61.96726989746094
(74.15028653089855, 15.110229111302349)  75.87081146240234
(74.14978938355584, 15.11106723486107)  -32767.0
(74.14967364337083, 15.110919047687656)  -32767.0
(74.15014442995967, 15.11033592153773)  63.455997467041016
(74.14991953977812, 15.11036430804173)  60.07585525512695
(74.14961412573122, 15.11048531152911)  -32767.0
(74.14964481129628, 15.110748247536481)  -32767.0
(74.15023339750401, 15.110327020684784)  59.8245849609375
(74.15025131457892, 15.110240898918416)  74.95358276367188
(74.15018870778846, 15.110251483716517)  71.30655670166016
(74.14974881270808, 15.110821378868815)  -32767.0
(74.15011683354545, 15.110285643746751)  67.6350326538086
(74.14951547884756, 15.110598857545103)  60.1970100402832
(74.14954966545025, 15.11046197686057)  -32767.0
(74.14966293431458, 15.110654908862319)  -32767.0
(74.14960279884478, 15.110638069410795)  -32767.0
(74.1495644933743, 15.110539678901175)  -32767.0
(74.14981862751718, 15.110894510201149)  -32767.0
(74.15024451844705, 15.110455722207147)  -32767.0
(74.15035922891512, 15.110229111302349)  68.30098724365234
(74.15044593108217, 15.110229111302349)  61.037879943847656
(74.15040577212119, 15.110370081567966)  54.977291107177734
(74.14745625089405, 15.109551924787482)  73.08597564697266
(74.14754871947602, 15.109462675694402)  77.06632232666016
(74.14704724732213, 15.10994837358908)  71.99883270263672
(74.14724536486301, 15.10981991263031)  68.3794174194336
(74.14765416249155, 15.109611825122188)  72.7041015625
(74.14789099738968, 15.1093601956037)  78.58476257324219
(74.1480606947428, 15.109474703874064)  76.17074584960938
(74.14724598269318, 15.109865138585832)  72.281982421875
(74.14747972844047, 15.10949250557996)  75.30553436279297
(74.14771985843285, 15.109487934871689)  72.80240631103516
(74.14815851785289, 15.109377997309595)  78.06893920898438
(74.14830535548974, 15.109501165869316)  69.205322265625
(74.14919812008405, 15.110168248713268)  62.105934143066406
(74.15019632769388, 15.110006349415043)  72.41344451904297
(74.15029723995482, 15.109606773286732)  73.63963317871094
(74.15024225306978, 15.110175706184657)  79.09745025634766
(74.14951774422484, 15.11020818226974)  73.67131805419922
(74.14937543734257, 15.11015333377049)  75.90737915039062
(74.1501977692976, 15.110134088683033)  71.3233871459961
(74.15031247976566, 15.109767229203399)  74.01068115234375
(74.14930974140125, 15.110223097212518)  74.46417999267578
(74.15030485986024, 15.110136975446151)  79.35584259033203
(74.15031247976566, 15.110113400214018)  80.24891662597656
(74.1502636711823, 15.110110272887306)  77.48048400878906
(74.14950374007435, 15.110142989535982)  71.98689270019531
(74.15022989646639, 15.10985455378773)  74.00343322753906
(74.14937955621036, 15.110146838553474)  74.02618408203125
(74.1494687296981, 15.109562990712769)  59.1044807434082
(74.15059688758681, 15.109921911593828)  72.99756622314453
(74.15039362146119, 15.109778054565092)  73.61485290527344
(74.15048361872249, 15.109859365059595)  66.79461669921875
(74.1507589650345, 15.109795375143804)  69.53724670410156
(74.1505233657967, 15.110008995614567)  79.54058837890625
(74.15055096221091, 15.109640933316967)  64.2177963256836
(74.15042554268659, 15.110102815415917)  80.54481506347656
(74.15051883504212, 15.109543023934533)  65.11485290527344
(74.15070088899861, 15.109666192494252)  80.15769958496094
(74.15070233060234, 15.109658735022863)  79.99534606933594
(74.1506014183414, 15.109944043444402)  75.48054504394531
(74.15042080598863, 15.109768672584957)  72.0409927368164
(74.15042471891304, 15.110044839589955)  81.28463745117188
(74.1506831778671, 15.109472538801723)  73.99290466308594
(74.15057691107802, 15.110099928652799)  65.42845153808594
(74.15085369899376, 15.10989208170827)  78.71951293945312
(74.15051739343839, 15.110028481265617)  79.47062683105469
(74.15037673410323, 15.109963047968266)  72.08301544189453
(74.15067638173524, 15.109547354079211)  66.04212188720703
(74.15062139485019, 15.109822558829835)  65.73700714111328
(74.15073136862028, 15.109679664055472)  81.32471466064453
(74.15061356900138, 15.109513194048976)  64.17510223388672
(74.15042616051676, 15.109633475845577)  63.06983184814453
(74.15066258352813, 15.109473260492503)  75.3772964477539
(74.1505993589075, 15.110025594502499)  70.78738403320312
(74.15070995050776, 15.10988895438156)  74.28972625732422
(74.15063972381188, 15.109722724938656)  63.87176513671875
(74.15072992701656, 15.10964574458883)  80.60400390625
(74.15039506306492, 15.109787917672413)  74.23438262939453
(74.15050215362756, 15.10974341340767)  61.41481399536133
(74.15045622825166, 15.109550481405922)  61.79852294921875
(74.15047002645876, 15.109381124636307)  66.74716186523438
(74.15343416966657, 15.10942875622776)  96.14836120605469
(74.15332028297208, 15.110126390648052)  -32767.0
(74.14569584679899, 15.10863706144253)  61.599464416503906
(74.1454297679395, 15.108533137970266)  62.3775520324707
(74.14559493453804, 15.108577642235007)  61.74713134765625
(74.14552306029503, 15.108490077087081)  76.1553726196289
(74.14620638046202, 15.108528567261994)  61.13763427734375
(74.14609022839024, 15.108525680498875)  61.110565185546875
(74.14629040536502, 15.10848406299725)  60.672603607177734
(74.14590673283003, 15.108473718762744)  75.16497802734375
(74.14635774885345, 15.10847949228898)  60.872047424316406
(74.14808376040243, 15.108953402567591)  75.7497329711914
(74.14781459239211, 15.109027736717891)  76.57913970947266
(74.14790026484222, 15.109113858484259)  75.22118377685547
(74.14745069042253, 15.108959416657422)  71.91819763183594
(74.14769082041491, 15.109254588186282)  75.41905975341797
(74.14751185560927, 15.109274073837332)  74.9394760131836
(74.14760823711565, 15.108982751325962)  74.47346496582031
(74.14786957927716, 15.108889412651799)  76.94761657714844
(74.14797666983979, 15.10902172262806)  76.2462387084961
(74.1475532502306, 15.109109287775988)  75.43759155273438
(74.14760061721023, 15.108856936566717)  75.46528625488281
(74.1476310968319, 15.108589429851074)  75.319091796875
(74.14757858126752, 15.109106401012868)  75.83334350585938
(74.14787719918257, 15.109333493044852)  76.64501190185547
(74.14789408654053, 15.108997906832334)  77.12065887451172
(74.1474751976859, 15.108700810794728)  74.59794616699219
(74.14747828683674, 15.108695037268491)  74.37211608886719
(74.1478207706938, 15.109043854478635)  77.89803314208984
(74.14768155296237, 15.108858379948277)  73.3800277709961
(74.14771676928201, 15.108989005979385)  76.8321762084961
(74.14743215551746, 15.108803290885433)  73.44741821289062
(74.14797811144352, 15.108721739827336)  63.55522155761719
(74.14792765531305, 15.108844908387058)  77.24957275390625
(74.14790170644595, 15.108670499781985)  63.10129165649414
(74.14741259089544, 15.108800404122315)  74.4057388305664
(74.14770750182947, 15.109326035573464)  75.72647857666016
(74.14767249145322, 15.108821092591329)  75.85121154785156
(74.14755160268348, 15.108611802265242)  73.38958740234375
(74.14742021080086, 15.108481176234132)  68.25350189208984
(74.14800426625402, 15.108473718762744)  64.22173309326172
(74.1477550747525, 15.10855382643928)  71.58826446533203
(74.14738190533038, 15.108644518913918)  73.6715087890625
(74.14770606022574, 15.10855839714755)  74.74681091308594
(74.14807593455363, 15.109177126709271)  71.71289825439453
(74.14749229098724, 15.109125646100326)  75.01642608642578
(74.14741403249917, 15.109198296305472)  74.96836853027344
(74.14800879700859, 15.109292116106822)  77.65521240234375
(74.14753945202348, 15.108482619615692)  69.22907257080078
(74.14737593297207, 15.108984435271115)  74.8200454711914
(74.14741876919713, 15.10888652588868)  72.6181411743164
(74.14765416249155, 15.108672664854323)  76.18647766113281
(74.14777031456333, 15.10889253997851)  75.09609985351562
(74.14777937607248, 15.10862816058958)  72.07331085205078
(74.14784980871175, 15.10921465462981)  74.37967681884766
(74.14767846381153, 15.109243041133809)  74.94883728027344
(74.14818158351254, 15.109256272131434)  80.28905487060547
(74.14823348124673, 15.108910341684409)  75.28142547607422
(74.14818302511627, 15.108721739827336)  77.23262023925781
(74.14823965954844, 15.109168706983509)  72.04573059082031
(74.14817231606, 15.10889253997851)  74.9952621459961
(74.14812185992953, 15.10896230342054)  74.3047103881836
(74.14822133058675, 15.10914633456934)  65.5451889038086
(74.14837249303478, 15.109063340129685)  71.03704833984375
(74.14815089794747, 15.109219225338082)  78.79330444335938
(74.14821062153048, 15.108580528998127)  64.24343872070312
(74.14834510256395, 15.10874387167791)  70.52134704589844
(74.14837558218562, 15.109265172984383)  69.63182067871094
(74.14815542870205, 15.108732084061844)  76.54967498779297
(74.14814904445697, 15.108672424290729)  69.28661346435547
(74.14830679709347, 15.108476605525862)  66.24919128417969
(74.14809364568514, 15.109149221332459)  65.87806701660156
(74.14811877077868, 15.108677235562594)  62.386924743652344
(74.1505554929655, 15.10921465462981)  65.56719207763672
(74.14564230151767, 15.10828198957896)  80.07319641113281
(74.14578296085283, 15.10837869614343)  74.89984130859375
(74.14569584679899, 15.10835776711082)  77.67778015136719
(74.14565301057392, 15.108447016203899)  76.3586196899414
(74.14573868302404, 15.107980563396676)  77.87760162353516
(74.14566371963019, 15.108112873372939)  80.14987182617188
(74.14583959528498, 15.10775178741954)  65.64476776123047
(74.14583794773787, 15.108042869367317)  79.39409637451172
(74.1456954349122, 15.10786581456272)  -32767.0
(74.14578296085283, 15.107945200548476)  75.0934829711914
(74.14573497604303, 15.10830291861157)  75.94722747802734
(74.14573291660913, 15.108402271375562)  75.54234313964844
(74.14572385509999, 15.107687797503749)  -32767.0
(74.14579511151281, 15.108002935810845)  79.2890396118164
(74.14577719443791, 15.107650991273989)  -32767.0
(74.14565465812105, 15.10809194434033)  80.43134307861328
(74.14686066261108, 15.107729655568965)  79.62083435058594
(74.14605027537264, 15.108270201962894)  76.28612518310547
(74.14678281600976, 15.10775780150937)  78.67607879638672
(74.14655730799805, 15.10776237221764)  74.50482177734375
(74.14653506611197, 15.107803989719265)  75.50651550292969
(74.14588119584971, 15.107985134104949)  78.15398406982422
(74.14619731895287, 15.108256249274488)  75.14171600341797
(74.14621400036745, 15.108005822573963)  77.28266143798828
(74.1469080295907, 15.107652434655547)  77.94976806640625
(74.14609949584278, 15.10806043050962)  77.82398986816406
(74.14596171971507, 15.107949530693153)  76.17829132080078
(74.14686684091276, 15.107936059131934)  75.48871612548828
(74.14587769481209, 15.10829401775862)  77.98257446289062
(74.14666357478714, 15.10797166254373)  75.72096252441406
(74.14633941989176, 15.107742886566593)  78.02362060546875
(74.14641438328562, 15.108219683608322)  76.74810028076172
(74.14637154706055, 15.107936059131934)  77.87696075439453
(74.14649696658488, 15.107989464249625)  79.14949798583984
(74.1462308877254, 15.107685151304223)  71.16089630126953
(74.14669570195593, 15.107803989719265)  78.69347381591797
(74.1462308877254, 15.107875196542853)  75.25753021240234
(74.14636701630599, 15.107823234806721)  77.59056091308594
(74.14621400036745, 15.107808319863944)  75.75270080566406
(74.14634250904261, 15.108258414346826)  76.61688232421875
(74.14643106470018, 15.107664222271614)  74.26994323730469
(74.14590982198088, 15.107802305774113)  71.07980346679688
(74.14597098716762, 15.108132118460395)  75.14126586914062
(74.1462889637613, 15.107789074776488)  76.10604858398438
(74.1458593658504, 15.107674566506121)  66.7413101196289
(74.1464586611144, 15.108408285465392)  62.18566131591797
(74.1468958789307, 15.107931488423663)  76.88541412353516
(74.14587460566123, 15.1080859302505)  78.2400894165039
(74.14613924291699, 15.107861724981635)  76.88520812988281
(74.14609331754109, 15.107924271515868)  76.0966796875
(74.1466864345034, 15.107791720976012)  77.99348449707031
(74.14609475914482, 15.108198995139306)  73.5821762084961
(74.14586842735955, 15.108351993584582)  75.6045913696289
(74.14691482572256, 15.107794848302724)  62.47676086425781
(74.14604903971231, 15.107600472919415)  65.04930877685547
(74.1463149126284, 15.107974549306848)  77.62623596191406
(74.14688825902529, 15.107658448745378)  77.52870178222656
(74.14600167273268, 15.107705839773239)  64.87596130371094
(74.14600167273268, 15.108353436966143)  77.03868103027344
(74.14607807773025, 15.1080859302505)  77.77934265136719
(74.14676901780265, 15.108038539222639)  74.61023712158203
(74.1479867610659, 15.107677693832834)  65.41478729248047
(74.14742947825339, 15.10776814574388)  73.70722198486328
(74.14746613617676, 15.107662778890056)  71.38517761230469
(74.14707937449091, 15.107694052157171)  73.3697280883789
(74.14707628534008, 15.107719311334458)  63.32304382324219
(74.14791694625679, 15.108017850753624)  65.11888885498047
(74.14748281759132, 15.107875196542853)  74.39238739013672
(74.14696672345676, 15.107906229246376)  74.5549545288086
(74.14782221229753, 15.108441002114068)  74.16790008544922
(74.14739426193375, 15.107863168363194)  74.17850494384766
(74.14764036428443, 15.107726528242255)  74.851318359375
(74.14731620938906, 15.107656764800225)  65.73490905761719
(74.1479704915381, 15.108329380606822)  66.39469146728516
(74.14742783070628, 15.108115760136057)  71.67343139648438
(74.14796451917981, 15.108194424431035)  63.40534973144531
(74.14731476778533, 15.10841117222851)  71.537109375
(74.14777031456333, 15.108054897546976)  69.40638732910156
(74.14762800768105, 15.10782612156984)  71.7761459350586
(74.14766940230238, 15.108403955320714)  76.81600952148438
(74.14752112306181, 15.10763318956809)  69.46282958984375
(74.14803618747942, 15.107909356573089)  69.34642028808594
(74.14797213908523, 15.108383026288106)  72.44966125488281
(74.14748899589301, 15.108355120911295)  72.95909881591797
(74.1478467195609, 15.108455917056848)  75.61846160888672
(74.14751185560927, 15.10810541590155)  73.10353088378906
(74.14742165240459, 15.108383026288106)  74.7362060546875
(74.14741712165001, 15.108157377637681)  61.048728942871094
(74.1474033234429, 15.10783213565967)  73.83607482910156
(74.147728919942, 15.1083089327014)  74.33447265625
(74.14722600618438, 15.107989223686033)  73.0401840209961
(74.14769390956576, 15.108274291543978)  62.52766418457031
(74.14767084390611, 15.108078713342705)  64.68206787109375
(74.14734071665244, 15.108062355018365)  73.6036605834961
(74.14779173267586, 15.108155934256121)  66.42268371582031
(74.14774724890368, 15.10797021916217)  76.58163452148438
(74.14734442363346, 15.10764209042104)  63.526710510253906
(74.1480026187069, 15.10791537066292)  66.04367065429688
(74.14794001191643, 15.107685151304223)  68.44400024414062
(74.147788643525, 15.107753471364694)  62.45494842529297
(74.14796410729302, 15.107595902211145)  68.00576782226562
(74.14733000759617, 15.107885540777362)  73.55746459960938
(74.14796307757608, 15.108084246305348)  62.936180114746094
(74.14767558060407, 15.107646420565718)  67.51028442382812
(74.14769988192405, 15.108472997071964)  76.92578125
(74.14733453835075, 15.108052973038232)  73.07129669189453
(74.14731023703077, 15.108386153614818)  70.51278686523438
(74.1480623422899, 15.108244942785607)  64.3124771118164
(74.14713580297969, 15.107946403366443)  74.90803527832031
(74.14722765373149, 15.107852824128686)  73.88491821289062
(74.14721385552438, 15.107754193055472)  62.557342529296875
(74.14788337748426, 15.107995718903048)  63.1320686340332
(74.14790644314391, 15.10789516332109)  63.41154479980469
(74.14736666551954, 15.108279102815843)  61.80727005004883
(74.14783601050463, 15.10790045572014)  61.89193344116211
(74.14753492126891, 15.108178066106698)  72.55786895751953
(74.1483022663389, 15.108380139524987)  72.09701538085938
(74.14820135407795, 15.108412856173663)  64.59744262695312
(74.14822133058675, 15.10809940181172)  69.53388977050781
(74.14815542870205, 15.107913686717767)  68.61363220214844
(74.14814121860816, 15.10785162131072)  65.43730163574219
(74.14828846813178, 15.108429214498)  70.11961364746094
(74.15023916391893, 15.108051770220266)  66.69955444335938
(74.15005113760414, 15.107931488423663)  77.0814437866211
(74.15019488609015, 15.108114316754499)  67.85269165039062
(74.15020703675013, 15.108364262327836)  74.43907165527344
(74.14994857779608, 15.10795674760095)  66.9666748046875
(74.14990121081645, 15.108120090280735)  67.74503326416016
(74.15052048258924, 15.10816483510907)  66.88716125488281
(74.15045169749709, 15.107763815599201)  72.61106872558594
(74.15047455721334, 15.10789299824875)  66.09151458740234
(74.15056620202175, 15.108371238672039)  69.84449768066406
(74.15105078681769, 15.108130675078836)  62.0112190246582
(74.15047599881707, 15.108155934256121)  66.4355239868164
(74.15086131889917, 15.108131877896803)  62.41575241088867
(74.1469142078924, 15.107578100505247)  75.45445251464844
(74.14682544629143, 15.10742510205997)  78.38440704345703
(74.14680711732974, 15.107297362791979)  74.08014678955078
(74.14695086581575, 15.107395512738007)  78.241455078125
(74.14657893205397, 15.107463832798476)  68.31715393066406
(74.14651055884859, 15.107454931945528)  74.21763610839844
(74.14620432102812, 15.107478747741254)  65.63048553466797
(74.14682091553686, 15.107269457415168)  72.5648193359375
(74.14671403091761, 15.107594458829585)  76.92559814453125
(74.14684686440395, 15.107546827238131)  75.11685180664062
(74.14638678687139, 15.107206910880935)  82.31096649169922
(74.14599384688387, 15.107529025532234)  81.30425262451172
(74.14655957337534, 15.107594458829585)  70.98320007324219
(74.1463165601755, 15.107260315998627)  67.90179443359375
(74.14693706760865, 15.10710587417179)  75.00751495361328
(74.14687940345954, 15.107236500202898)  69.17604064941406
(74.14617590084035, 15.10736568285245)  77.5846939086914
(74.14593885999882, 15.107521808624439)  72.52682495117188
(74.14643600734153, 15.107227599349951)  80.64642333984375
(74.14682709383855, 15.107126562640804)  78.9507827758789
(74.14622038461252, 15.107351008473264)  73.14397430419922
(74.14630420357213, 15.107373140323839)  68.21875762939453
(74.14680114497145, 15.107140034202024)  79.73255157470703
(74.14667881459798, 15.107154949144803)  81.22985076904297
(74.14652600460282, 15.107297362791979)  67.04492950439453
(74.14685922100735, 15.10704501158271)  68.93242645263672
(74.14642818149272, 15.107251415145678)  78.70592498779297
(74.14679352506603, 15.107108760934908)  78.71089935302734
(74.14691894459035, 15.107015181697152)  62.62968444824219
(74.14635630724972, 15.10722158526012)  79.74398040771484
(74.14695086581575, 15.10723361343978)  70.13370513916016
(74.14645721951067, 15.107489091975763)  63.950462341308594
(74.1460550120706, 15.107356781999501)  74.31503295898438
(74.14679331912264, 15.107481634504373)  78.05262756347656
(74.1467162962949, 15.107012294934034)  79.38232421875
(74.14652291545198, 15.107242033165543)  68.20240020751953
(74.14654577516824, 15.107288461939032)  69.21018981933594
(74.14702047468147, 15.107417644588581)  75.16117858886719
(74.14762656607732, 15.107524695387557)  69.77918243408203
(74.14791694625679, 15.107483077885933)  72.90350341796875
(74.14762965522817, 15.107094086555723)  67.36316680908203
(74.14742968419678, 15.10715927928948)  66.19661712646484
(74.14792003540764, 15.107308909844454)  72.79788970947266
(74.1474492488188, 15.107306263644928)  64.41976928710938
(74.14761441541734, 15.107252858527236)  71.79412841796875
(74.14745686872422, 15.10749342212044)  63.79440689086914
(74.14705033647297, 15.107019752405423)  69.33607482910156
(74.14801147427265, 15.107215811733884)  72.9620361328125
(74.14736522391581, 15.10690692808021)  76.20064544677734
(74.14767207956645, 15.107371696942279)  66.8730239868164
(74.14763583352986, 15.107338980293603)  65.59178924560547
(74.14749208504385, 15.107526138769115)  64.85282897949219
(74.14757157919227, 15.10737771103211)  64.7476806640625
(74.14794145352016, 15.10750689368166)  72.64026641845703
(74.1475592225889, 15.10709095922901)  68.00839233398438
(74.1473973510846, 15.107439054748376)  64.34748840332031
(74.14702994807739, 15.107059926525487)  68.885498046875
(74.14796451917981, 15.107174434795853)  70.37409210205078
(74.1474354506117, 15.107004837462645)  72.74272155761719
(74.14747066693133, 15.107082058376063)  74.26273345947266
(74.14724104005182, 15.106921602459396)  70.44385528564453
(74.14720458807184, 15.106783518956897)  78.29613494873047
(74.14766178239697, 15.107328636059096)  66.84891510009766
(74.14711150165971, 15.107414757825463)  74.76206970214844
(74.14742947825339, 15.107245401055847)  64.73230743408203
(74.14726389976808, 15.106788089665168)  73.01303100585938
(74.1471036758109, 15.106987035756747)  69.15790557861328
(74.14780305956229, 15.107098416700401)  71.92049407958984
(74.14701965090791, 15.106981743357697)  62.79304122924805
(74.14696672345676, 15.107101784590705)  72.75493621826172
(74.14696775317371, 15.10742654544153)  78.8338623046875
(74.14777031456333, 15.106911258224889)  72.59976959228516
(74.14709296675464, 15.10728100446764)  77.5455322265625
(74.1470517780767, 15.107203783554223)  61.93785858154297
(74.14697084232455, 15.107359187635433)  71.0227279663086
(74.15033533948191, 15.10737915441367)  72.99172973632812
(74.15033533948191, 15.107047898345828)  68.8730239868164
(74.15019014939217, 15.107301933500251)  58.199363708496094
(74.15130759822463, 15.106767401196151)  73.59986877441406
(74.15058453098344, 15.10716673676087)  59.23469161987305
(74.15052068853264, 15.107282688412793)  72.80320739746094
(74.15044243004455, 15.107242514292729)  64.5000991821289
(74.15061830569934, 15.106858574797977)  61.778568267822266
(74.15048526626961, 15.107153505763243)  60.384761810302734
(74.15064569617017, 15.107049341727386)  66.768310546875
(74.15125878964128, 15.106767401196151)  71.34873962402344
(74.15060759664308, 15.106958889816342)  67.04592895507812
(74.15057238032344, 15.10678664628361)  59.84910202026367
(74.15050215362756, 15.106884555666042)  60.35786056518555
(74.15067205692405, 15.107162406616192)  74.12263488769531
(74.15066567267897, 15.107046454964268)  66.16496276855469
(74.15086749720086, 15.107184538466766)  75.66766357421875
(74.15072374871487, 15.106805891371065)  61.32303237915039
(74.15130924577176, 15.10682657984008)  73.69963073730469
(74.15057093871971, 15.107053912435658)  59.277347564697266
(74.15194972971369, 15.107327192677536)  69.5601577758789
(74.15210583480307, 15.106966828414919)  60.42290496826172
(74.15365494098032, 15.106829707166792)  51.836917877197266
(74.1481525454946, 15.10658312948376)  58.214088439941406
(74.14852241982247, 15.106395971008247)  71.13927459716797
(74.15112121945697, 15.106272802448526)  67.59172058105469
(74.15099229889502, 15.10617320912094)  64.04413604736328
(74.15091939493507, 15.10664110530972)  59.968101501464844
(74.15105243436481, 15.106654336307347)  65.5718765258789
(74.15112883936239, 15.106251151725138)  66.76793670654297
(74.15080324286329, 15.106685609574463)  60.97621536254883
(74.15135970190222, 15.106682482247752)  67.55631256103516
(74.15124354983044, 15.106415216095703)  63.79961395263672
(74.15122522086877, 15.106716642277986)  70.60572814941406
(74.15120524435996, 15.106571101304098)  64.56922912597656
(74.15134446209139, 15.106488106864443)  59.69539260864258
(74.15194664056284, 15.10636469774113)  52.75752639770508
(74.15162269161087, 15.106707741425037)  63.61631774902344
(74.15187023556527, 15.106359886469265)  55.78360366821289
(74.15327044467176, 15.106340160254623)  47.15522003173828
(74.15295720477604, 15.10601924842129)  41.980751037597656
(74.15422519822637, 15.106715198896428)  48.17197036743164
(74.14802341898925, 15.105250888304598)  62.178611755371094
(74.15241145479337, 15.10506998448251)  32.4867057800293
(74.15319568722131, 15.105159233575588)  39.809844970703125
(74.15381784220156, 15.10576617552124)  44.07832717895508
(74.14916743451899, 15.104545555849326)  54.681217193603516
(74.1486836734966, 15.104355510610695)  -32767.0
(74.14860356151802, 15.104593428004373)  -32767.0
(74.15224010989316, 15.104492150731636)  31.26957893371582
(74.15236614724765, 15.104451736047977)  -32767.0
(74.15264643620101, 15.104456066192654)  -32767.0
(74.1528484666663, 15.104647073685658)  -32767.0
(74.15270348251995, 15.10496269311994)  35.97599411010742
(74.15311969411052, 15.104579475315967)  -32767.0
(74.15025028486197, 15.103728120759621)  -32767.0
(74.15059379843598, 15.103255413298976)  -32767.0
(74.1505431363621, 15.103087981038106)  -32767.0
(74.15054272447533, 15.103195272400676)  -32767.0
(74.15148162038892, 15.102409351141679)  -32767.0
